function res = compute(x)
    a = 289.3228;
    b = -18.02785;
    c = 39.33564;
    d = -6.829414;
    e = 0.4095285;
    f = -0.008243875;
    res = (a+b*x + c*x^2+d*x^3+e*x^4+f*x^5) .* (5/1023);
end