function res = compute(x)
    a = 0.1009671;
    b = 0.9405964;
    c = -0.118291;
    d = 0.005815738;
    e = -0.0001267703;
    f = 0.000001019072;
    res = (a+b*x + c*x^2+d*x^3+e*x^4+f*x^5);
end